最高の勝率: 0.82
最高のパラメータ:
LEARNING_RATE: 0.0008960675951123526
MEMORY_MAXLEN: 434
GAMMA: 0.17796847
EPSILON_MIN: 0.18989421340228552
EPSILON_DECAY: 0.9906089493244454
BATCH_SIZE: 215
UPDATE_TARGET_EVERY: 404
REPLAY_EVERY: 373
NUM_LAYERS: 1
FIRST_LAYER_SIZE: 8
